1,5
3,5
5
7
8,5
10,5
13
14,4
17
19,7
20,6
21,5
22,8
25,5
27,3
28,2
29
31,2
33,8
34,8
35,7
37
39,7
41,5
42,5
44,1
46,8
48,2
49,5
50,4
51,3
52,6
53,9
55,7
56,6
58,3
59,7
61
62,5
63,3
64,2
65,5
66,8
69,500000
95,2
96,5
97,9
98,7
99,65
101
102,3
103,65
105,4
106,7
108,1
109,4
111,7
112,1
114
115,2
116,5
117,8
119,6
121
122,3
123,55
125
126,8
128
129,3
130,6
132
134
135,5
136,5
137,8
139,000000000
175
176
176,5
177,4
178
178,8
179,6
180,4
181,1
181,75
183,1
184
184,5
185
186
186,4
187,3
188
188,9
190,25
190,7
191
191,6
192
193
193,8
194,2
195,4
196
196,7
197,4
198,6
199,2
200